
--------------------------------------------------------------------------------
                              At time t =   0.00000000D+00
--------------------------------------------------------------------------------
 the species c( 1) values are:
  10.0000      10.0000      10.0000      10.0000      10.0000      10.0000    
  10.0000      10.1678      10.3775      10.3775      10.1678      10.0000    
  10.0000      10.3775      10.8493      10.8493      10.3775      10.0000    
  10.0000      10.3775      10.8493      10.8493      10.3775      10.0000    
  10.0000      10.1678      10.3775      10.3775      10.1678      10.0000    
  10.0000      10.0000      10.0000      10.0000      10.0000      10.0000    
--------------------------------------------------------------------------------

 the species c( 2) values are:
  10.0000      10.0000      10.0000      10.0000      10.0000      10.0000    
  10.0000      10.3355      10.7550      10.7550      10.3355      10.0000    
  10.0000      10.7550      11.6987      11.6987      10.7550      10.0000    
  10.0000      10.7550      11.6987      11.6987      10.7550      10.0000    
  10.0000      10.3355      10.7550      10.7550      10.3355      10.0000    
  10.0000      10.0000      10.0000      10.0000      10.0000      10.0000    
--------------------------------------------------------------------------------

 the species c( 3) values are:
  10.0000      10.0000      10.0000      10.0000      10.0000      10.0000    
  10.0000      10.5033      11.1325      11.1325      10.5033      10.0000    
  10.0000      11.1325      12.5480      12.5480      11.1325      10.0000    
  10.0000      11.1325      12.5480      12.5480      11.1325      10.0000    
  10.0000      10.5033      11.1325      11.1325      10.5033      10.0000    
  10.0000      10.0000      10.0000      10.0000      10.0000      10.0000    
--------------------------------------------------------------------------------

 the species c( 4) values are:
  10.0000      10.0000      10.0000      10.0000      10.0000      10.0000    
  10.0000      10.6711      11.5099      11.5099      10.6711      10.0000    
  10.0000      11.5099      13.3974      13.3974      11.5099      10.0000    
  10.0000      11.5099      13.3974      13.3974      11.5099      10.0000    
  10.0000      10.6711      11.5099      11.5099      10.6711      10.0000    
  10.0000      10.0000      10.0000      10.0000      10.0000      10.0000    
--------------------------------------------------------------------------------

 the species c( 5) values are:
  10.0000      10.0000      10.0000      10.0000      10.0000      10.0000    
  10.0000      10.8389      11.8874      11.8874      10.8389      10.0000    
  10.0000      11.8874      14.2467      14.2467      11.8874      10.0000    
  10.0000      11.8874      14.2467      14.2467      11.8874      10.0000    
  10.0000      10.8389      11.8874      11.8874      10.8389      10.0000    
  10.0000      10.0000      10.0000      10.0000      10.0000      10.0000    
--------------------------------------------------------------------------------

 the species c( 6) values are:
  10.0000      10.0000      10.0000      10.0000      10.0000      10.0000    
  10.0000      11.0066      12.2649      12.2649      11.0066      10.0000    
  10.0000      12.2649      15.0961      15.0961      12.2649      10.0000    
  10.0000      12.2649      15.0961      15.0961      12.2649      10.0000    
  10.0000      11.0066      12.2649      12.2649      11.0066      10.0000    
  10.0000      10.0000      10.0000      10.0000      10.0000      10.0000    
--------------------------------------------------------------------------------


--------------------------------------------------------------------------------
                              At time t =   0.10000000D-05
--------------------------------------------------------------------------------
 the species c( 1) values are:
  9.99991      9.99992      9.99993      9.99993      9.99993      9.99992    
  9.99992      10.1677      10.3774      10.3774      10.1677      9.99993    
  9.99993      10.3774      10.8492      10.8492      10.3774      9.99993    
  9.99993      10.3774      10.8492      10.8492      10.3774      9.99993    
  9.99992      10.1677      10.3774      10.3774      10.1677      9.99992    
  9.99991      9.99992      9.99993      9.99993      9.99992      9.99991    
--------------------------------------------------------------------------------

 the species c( 2) values are:
  9.99991      9.99993      9.99995      9.99995      9.99993      9.99992    
  9.99993      10.3355      10.7549      10.7549      10.3355      9.99993    
  9.99995      10.7549      11.6985      11.6985      10.7549      9.99995    
  9.99995      10.7549      11.6985      11.6985      10.7549      9.99995    
  9.99993      10.3355      10.7549      10.7549      10.3355      9.99993    
  9.99991      9.99993      9.99995      9.99995      9.99993      9.99991    
--------------------------------------------------------------------------------

 the species c( 3) values are:
  9.99991      9.99994      9.99997      9.99997      9.99994      9.99992    
  9.99994      10.5032      11.1323      11.1323      10.5032      9.99994    
  9.99997      11.1323      12.5478      12.5478      11.1323      9.99997    
  9.99997      11.1323      12.5478      12.5478      11.1323      9.99997    
  9.99994      10.5032      11.1323      11.1323      10.5032      9.99994    
  9.99991      9.99994      9.99997      9.99997      9.99994      9.99991    
--------------------------------------------------------------------------------

 the species c( 4) values are:
  13.4987      13.4987      13.4987      13.4987      13.4987      13.4987    
  13.4987      14.5503      15.8929      15.8929      14.5503      13.4987    
  13.4987      15.8929      19.0303      19.0303      15.8929      13.4987    
  13.4987      15.8929      19.0303      19.0303      15.8929      13.4987    
  13.4987      14.5503      15.8929      15.8929      14.5503      13.4987    
  13.4987      13.4987      13.4987      13.4987      13.4987      13.4987    
--------------------------------------------------------------------------------

 the species c( 5) values are:
  13.4987      13.4987      13.4987      13.4987      13.4987      13.4987    
  13.4987      14.7791      16.4141      16.4141      14.7791      13.4987    
  13.4987      16.4141      20.2367      20.2367      16.4141      13.4987    
  13.4987      16.4141      20.2367      20.2367      16.4141      13.4987    
  13.4987      14.7791      16.4141      16.4141      14.7791      13.4987    
  13.4987      13.4987      13.4987      13.4987      13.4987      13.4987    
--------------------------------------------------------------------------------

 the species c( 6) values are:
  13.4987      13.4987      13.4988      13.4987      13.4987      13.4987    
  13.4987      15.0078      16.9353      16.9353      15.0078      13.4987    
  13.4988      16.9353      21.4431      21.4431      16.9353      13.4987    
  13.4988      16.9353      21.4431      21.4431      16.9353      13.4988    
  13.4987      15.0078      16.9353      16.9353      15.0078      13.4987    
  13.4987      13.4987      13.4988      13.4988      13.4987      13.4987    
--------------------------------------------------------------------------------


--------------------------------------------------------------------------------
                              At time t =   0.10000000D-02
--------------------------------------------------------------------------------
 the species c( 1) values are:
  9.90702      9.91664      9.92836      9.93033      9.92253      9.91674    
  9.91472      10.0746      10.2769      10.2785      10.0795      9.92253    
  9.92446      10.2748      10.7181      10.7194      10.2785      9.93033    
  9.92445      10.2744      10.7173      10.7181      10.2769      9.92836    
  9.91469      10.0734      10.2744      10.2748      10.0746      9.91664    
  9.90697      9.91469      9.92445      9.92446      9.91472      9.90702    
--------------------------------------------------------------------------------

 the species c( 2) values are:
  9.90741      9.92474      9.94623      9.94820      9.93064      9.91713    
  9.92282      10.2412      10.6440      10.6457      10.2461      9.93064    
  9.94232      10.6419      11.5267      11.5281      10.6457      9.94820    
  9.94231      10.6415      11.5258      11.5267      10.6440      9.94623    
  9.92279      10.2400      10.6415      10.6419      10.2412      9.92474    
  9.90736      9.92279      9.94231      9.94232      9.92282      9.90741    
--------------------------------------------------------------------------------

 the species c( 3) values are:
  9.90780      9.93284      9.96409      9.96606      9.93874      9.91752    
  9.93092      10.4078      11.0109      11.0127      10.4127      9.93874    
  9.96018      11.0088      12.3339      12.3354      11.0127      9.96606    
  9.96017      11.0083      12.3329      12.3339      11.0109      9.96409    
  9.93089      10.4065      11.0083      11.0088      10.4078      9.93284    
  9.90776      9.93089      9.96017      9.96018      9.93092      9.90780    
--------------------------------------------------------------------------------

 the species c( 4) values are:
  297231.      297749.      298393.      298451.      297925.      297520.    
  297692.      307244.      319327.      319378.      307390.      297925.    
  298276.      319264.      345799.      345840.      319378.      298451.    
  298276.      319252.      345771.      345799.      319327.      298393.    
  297691.      307208.      319252.      319264.      307244.      297749.    
  297229.      297691.      298276.      298276.      297692.      297231.    
--------------------------------------------------------------------------------

 the species c( 5) values are:
  297231.      297749.      298393.      298451.      297925.      297520.    
  297692.      307244.      319327.      319378.      307390.      297925.    
  298276.      319264.      345799.      345840.      319378.      298451.    
  298276.      319252.      345771.      345799.      319327.      298393.    
  297691.      307208.      319252.      319264.      307244.      297749.    
  297229.      297691.      298276.      298276.      297692.      297231.    
--------------------------------------------------------------------------------

 the species c( 6) values are:
  297231.      297749.      298393.      298451.      297925.      297520.    
  297692.      307244.      319327.      319378.      307390.      297925.    
  298276.      319264.      345799.      345840.      319378.      298451.    
  298276.      319252.      345771.      345799.      319327.      298393.    
  297691.      307208.      319252.      319264.      307244.      297749.    
  297229.      297691.      298276.      298276.      297692.      297231.    
--------------------------------------------------------------------------------


--------------------------------------------------------------------------------
                              At time t =   0.10000000D+01
--------------------------------------------------------------------------------
 the species c( 1) values are:
  1.58846      1.59918      1.62146      1.64759      1.67030      1.68143    
  1.58527      1.59498      1.61542      1.63946      1.66027      1.67030    
  1.57751      1.58542      1.60234      1.62229      1.63946      1.64759    
  1.56815      1.57406      1.58700      1.60234      1.61542      1.62146    
  1.56043      1.56457      1.57406      1.58542      1.59498      1.59918    
  1.55727      1.56043      1.56815      1.57751      1.58527      1.58846    
--------------------------------------------------------------------------------

 the species c( 2) values are:
  1.59061      1.60135      1.62365      1.64981      1.67255      1.68369    
  1.58742      1.59714      1.61761      1.64167      1.66251      1.67255    
  1.57965      1.58757      1.60451      1.62449      1.64167      1.64981    
  1.57028      1.57620      1.58916      1.60451      1.61761      1.62365    
  1.56255      1.56670      1.57620      1.58757      1.59714      1.60135    
  1.55939      1.56255      1.57028      1.57965      1.58742      1.59061    
--------------------------------------------------------------------------------

 the species c( 3) values are:
  1.59265      1.60340      1.62572      1.65191      1.67468      1.68583    
  1.58946      1.59918      1.61967      1.64377      1.66462      1.67468    
  1.58168      1.58960      1.60656      1.62656      1.64377      1.65191    
  1.57230      1.57823      1.59119      1.60656      1.61967      1.62572    
  1.56456      1.56872      1.57823      1.58960      1.59918      1.60340    
  1.56140      1.56456      1.57230      1.58168      1.58946      1.59265    
--------------------------------------------------------------------------------

 the species c( 4) values are:
  47716.6      48038.6      48707.3      49491.7      50173.7      50507.6    
  47621.0      47912.3      48526.1      49247.9      49872.6      50173.7    
  47388.0      47625.3      48133.2      48732.4      49247.9      49491.7    
  47106.8      47284.3      47672.8      48133.2      48526.1      48707.3    
  46874.9      46999.4      47284.3      47625.3      47912.3      48038.6    
  46780.1      46874.9      47106.8      47388.0      47621.0      47716.6    
--------------------------------------------------------------------------------

 the species c( 5) values are:
  47716.6      48038.6      48707.3      49491.7      50173.7      50507.6    
  47621.0      47912.3      48526.1      49247.9      49872.6      50173.7    
  47388.0      47625.3      48133.2      48732.4      49247.9      49491.7    
  47106.8      47284.3      47672.8      48133.2      48526.1      48707.3    
  46874.9      46999.4      47284.3      47625.3      47912.3      48038.6    
  46780.1      46874.9      47106.8      47388.0      47621.0      47716.6    
--------------------------------------------------------------------------------

 the species c( 6) values are:
  47716.6      48038.6      48707.3      49491.7      50173.7      50507.6    
  47621.0      47912.3      48526.1      49247.9      49872.6      50173.7    
  47388.0      47625.3      48133.2      48732.4      49247.9      49491.7    
  47106.8      47284.3      47672.8      48133.2      48526.1      48707.3    
  46874.9      46999.4      47284.3      47625.3      47912.3      48038.6    
  46780.1      46874.9      47106.8      47388.0      47621.0      47716.6    
--------------------------------------------------------------------------------


--------------------------------------------------------------------------------
                              At time t =   0.40000000D+01
--------------------------------------------------------------------------------
 the species c( 1) values are:
  1.19534      1.20367      1.22108      1.24156      1.25934      1.26799    
  1.19279      1.20034      1.21635      1.23521      1.25152      1.25934    
  1.18656      1.19272      1.20601      1.22172      1.23521      1.24156    
  1.17903      1.18367      1.19388      1.20601      1.21635      1.22108    
  1.17283      1.17611      1.18367      1.19272      1.20034      1.20367    
  1.17031      1.17283      1.17903      1.18656      1.19279      1.19534    
--------------------------------------------------------------------------------

 the species c( 2) values are:
  1.19537      1.20370      1.22112      1.24159      1.25937      1.26802    
  1.19282      1.20037      1.21638      1.23525      1.25156      1.25937    
  1.18659      1.19276      1.20605      1.22175      1.23525      1.24159    
  1.17906      1.18370      1.19391      1.20605      1.21638      1.22112    
  1.17287      1.17615      1.18370      1.19276      1.20037      1.20370    
  1.17034      1.17287      1.17906      1.18659      1.19282      1.19537    
--------------------------------------------------------------------------------

 the species c( 3) values are:
  1.19540      1.20373      1.22115      1.24163      1.25940      1.26806    
  1.19286      1.20040      1.21641      1.23528      1.25159      1.25940    
  1.18662      1.19279      1.20608      1.22179      1.23528      1.24163    
  1.17910      1.18373      1.19395      1.20608      1.21641      1.22115    
  1.17290      1.17618      1.18373      1.19279      1.20040      1.20373    
  1.17037      1.17290      1.17910      1.18662      1.19286      1.19540    
--------------------------------------------------------------------------------

 the species c( 4) values are:
  35860.3      36109.8      36632.0      37246.1      37779.1      38038.3    
  35783.8      36010.0      36490.0      37055.9      37544.9      37779.1    
  35596.8      35781.6      36180.1      36651.2      37055.9      37246.1    
  35371.0      35510.0      35816.3      36180.1      36490.0      36632.0    
  35185.1      35283.4      35510.0      35781.6      36010.0      36109.8    
  35109.4      35185.1      35371.0      35596.8      35783.8      35860.3    
--------------------------------------------------------------------------------

 the species c( 5) values are:
  35860.3      36109.8      36632.0      37246.1      37779.1      38038.3    
  35783.8      36010.0      36490.0      37055.9      37544.9      37779.1    
  35596.8      35781.6      36180.1      36651.2      37055.9      37246.1    
  35371.0      35510.0      35816.3      36180.1      36490.0      36632.0    
  35185.1      35283.4      35510.0      35781.6      36010.0      36109.8    
  35109.4      35185.1      35371.0      35596.8      35783.8      35860.3    
--------------------------------------------------------------------------------

 the species c( 6) values are:
  35860.3      36109.8      36632.0      37246.1      37779.1      38038.3    
  35783.8      36010.0      36490.0      37055.9      37544.9      37779.1    
  35596.8      35781.6      36180.1      36651.2      37055.9      37246.1    
  35371.0      35510.0      35816.3      36180.1      36490.0      36632.0    
  35185.1      35283.4      35510.0      35781.6      36010.0      36109.8    
  35109.4      35185.1      35371.0      35596.8      35783.8      35860.3    
--------------------------------------------------------------------------------


--------------------------------------------------------------------------------
                              At time t =   0.70000000D+01
--------------------------------------------------------------------------------
 the species c( 1) values are:
  1.18854      1.19682      1.21415      1.23453      1.25221      1.26082    
  1.18600      1.19351      1.20944      1.22821      1.24444      1.25221    
  1.17980      1.18593      1.19916      1.21479      1.22821      1.23453    
  1.17231      1.17692      1.18708      1.19916      1.20944      1.21415    
  1.16614      1.16940      1.17692      1.18593      1.19351      1.19682    
  1.16363      1.16614      1.17231      1.17980      1.18600      1.18854    
--------------------------------------------------------------------------------

 the species c( 2) values are:
  1.18854      1.19682      1.21415      1.23453      1.25221      1.26082    
  1.18600      1.19351      1.20944      1.22821      1.24444      1.25221    
  1.17980      1.18593      1.19916      1.21479      1.22821      1.23453    
  1.17231      1.17692      1.18708      1.19916      1.20944      1.21415    
  1.16614      1.16940      1.17692      1.18593      1.19351      1.19682    
  1.16363      1.16614      1.17231      1.17980      1.18600      1.18854    
--------------------------------------------------------------------------------

 the species c( 3) values are:
  1.18854      1.19682      1.21415      1.23453      1.25221      1.26082    
  1.18600      1.19351      1.20944      1.22821      1.24444      1.25221    
  1.17980      1.18593      1.19916      1.21479      1.22821      1.23453    
  1.17231      1.17692      1.18709      1.19916      1.20944      1.21415    
  1.16614      1.16940      1.17692      1.18593      1.19351      1.19682    
  1.16363      1.16614      1.17231      1.17980      1.18600      1.18854    
--------------------------------------------------------------------------------

 the species c( 4) values are:
  35655.3      35903.5      36423.1      37034.0      37564.3      37822.3    
  35579.2      35804.2      36281.9      36844.8      37331.4      37564.3    
  35393.1      35577.0      35973.5      36442.2      36844.8      37034.0    
  35168.3      35306.6      35611.4      35973.5      36281.9      36423.1    
  34983.2      35081.1      35306.6      35577.0      35804.2      35903.5    
  34907.9      34983.2      35168.3      35393.1      35579.2      35655.3    
--------------------------------------------------------------------------------

 the species c( 5) values are:
  35655.3      35903.5      36423.1      37034.0      37564.3      37822.3    
  35579.2      35804.2      36281.9      36844.8      37331.4      37564.3    
  35393.1      35577.0      35973.5      36442.2      36844.8      37034.0    
  35168.3      35306.6      35611.4      35973.5      36281.9      36423.1    
  34983.2      35081.1      35306.6      35577.0      35804.2      35903.5    
  34907.9      34983.2      35168.3      35393.1      35579.2      35655.3    
--------------------------------------------------------------------------------

 the species c( 6) values are:
  35655.3      35903.5      36423.1      37034.0      37564.3      37822.3    
  35579.2      35804.2      36281.9      36844.8      37331.4      37564.3    
  35393.1      35577.0      35973.5      36442.2      36844.8      37034.0    
  35168.3      35306.6      35611.4      35973.5      36281.9      36423.1    
  34983.2      35081.1      35306.6      35577.0      35804.2      35903.5    
  34907.9      34983.2      35168.3      35393.1      35579.2      35655.3    
--------------------------------------------------------------------------------


--------------------------------------------------------------------------------
                              At time t =   0.10000000D+02
--------------------------------------------------------------------------------
 the species c( 1) values are:
  1.18838      1.19666      1.21399      1.23436      1.25205      1.26065    
  1.18584      1.19335      1.20928      1.22805      1.24428      1.25205    
  1.17964      1.18578      1.19900      1.21463      1.22805      1.23436    
  1.17215      1.17676      1.18693      1.19900      1.20928      1.21399    
  1.16598      1.16925      1.17676      1.18578      1.19335      1.19666    
  1.16347      1.16598      1.17215      1.17964      1.18584      1.18838    
--------------------------------------------------------------------------------

 the species c( 2) values are:
  1.18838      1.19666      1.21399      1.23436      1.25205      1.26065    
  1.18584      1.19335      1.20928      1.22805      1.24428      1.25205    
  1.17964      1.18578      1.19900      1.21463      1.22805      1.23436    
  1.17215      1.17676      1.18693      1.19900      1.20928      1.21399    
  1.16598      1.16925      1.17676      1.18578      1.19335      1.19666    
  1.16347      1.16598      1.17215      1.17964      1.18584      1.18838    
--------------------------------------------------------------------------------

 the species c( 3) values are:
  1.18838      1.19666      1.21399      1.23436      1.25205      1.26065    
  1.18584      1.19335      1.20928      1.22805      1.24428      1.25205    
  1.17964      1.18578      1.19900      1.21463      1.22805      1.23436    
  1.17215      1.17676      1.18693      1.19900      1.20928      1.21399    
  1.16598      1.16925      1.17676      1.18578      1.19335      1.19666    
  1.16347      1.16598      1.17215      1.17964      1.18584      1.18838    
--------------------------------------------------------------------------------

 the species c( 4) values are:
  35650.5      35898.7      36418.3      37029.2      37559.4      37817.3    
  35574.5      35799.4      36277.0      36840.0      37326.5      37559.4    
  35388.4      35572.2      35968.6      36437.4      36840.0      37029.2    
  35163.7      35301.9      35606.6      35968.6      36277.0      36418.3    
  34978.6      35076.5      35301.9      35572.2      35799.4      35898.7    
  34903.2      34978.6      35163.7      35388.4      35574.5      35650.5    
--------------------------------------------------------------------------------

 the species c( 5) values are:
  35650.5      35898.7      36418.3      37029.2      37559.4      37817.3    
  35574.5      35799.4      36277.0      36840.0      37326.5      37559.4    
  35388.4      35572.2      35968.6      36437.4      36840.0      37029.2    
  35163.7      35301.9      35606.6      35968.6      36277.0      36418.3    
  34978.6      35076.5      35301.9      35572.2      35799.4      35898.7    
  34903.2      34978.6      35163.7      35388.4      35574.5      35650.5    
--------------------------------------------------------------------------------

 the species c( 6) values are:
  35650.5      35898.7      36418.3      37029.2      37559.4      37817.3    
  35574.5      35799.4      36277.0      36840.0      37326.5      37559.4    
  35388.4      35572.2      35968.6      36437.4      36840.0      37029.2    
  35163.7      35301.9      35606.6      35968.6      36277.0      36418.3    
  34978.6      35076.5      35301.9      35572.2      35799.4      35898.7    
  34903.2      34978.6      35163.7      35388.4      35574.5      35650.5    
--------------------------------------------------------------------------------

